asahi@fedora:~/allbilly_ane$ python run.py hwx/sum.ane
ANE NN {
  fd=3
  data=0xaaab30e7c000
  anec={size=17024 td_size=628 td_count=1 tsk_size=628 krn_size=16384 src_count=2 dst_count=1}
  btsp_chan={map=0xfffef613c000 size=16384 handle=5 offset=4295344128}
  chans=[
    00: {map=0xfffef6904000 size=32768 handle=1 offset=4295262208},
    01: {map=(nil) size=0 handle=0 offset=0},
    02: {map=(nil) size=0 handle=0 offset=0},
    03: {map=(nil) size=0 handle=0 offset=0},
    04: {map=0xfffef6900000 size=16384 handle=2 offset=4295294976},
    05: {map=0xfffef68fc000 size=16384 handle=3 offset=4295311360},
    06: {map=0xfffef630c000 size=16384 handle=4 offset=4295327744},
    07: {map=(nil) size=0 handle=0 offset=0},
    08: {map=(nil) size=0 handle=0 offset=0},
    09: {map=(nil) size=0 handle=0 offset=0},
    10: {map=(nil) size=0 handle=0 offset=0},
    11: {map=(nil) size=0 handle=0 offset=0},
    12: {map=(nil) size=0 handle=0 offset=0},
    13: {map=(nil) size=0 handle=0 offset=0},
    14: {map=(nil) size=0 handle=0 offset=0},
    15: {map=(nil) size=0 handle=0 offset=0},
    16: {map=(nil) size=0 handle=0 offset=0},
    17: {map=(nil) size=0 handle=0 offset=0},
    18: {map=(nil) size=0 handle=0 offset=0},
    19: {map=(nil) size=0 handle=0 offset=0},
    20: {map=(nil) size=0 handle=0 offset=0},
    21: {map=(nil) size=0 handle=0 offset=0},
    22: {map=(nil) size=0 handle=0 offset=0},
    23: {map=(nil) size=0 handle=0 offset=0},
    24: {map=(nil) size=0 handle=0 offset=0},
    25: {map=(nil) size=0 handle=0 offset=0},
    26: {map=(nil) size=0 handle=0 offset=0},
    27: {map=(nil) size=0 handle=0 offset=0},
    28: {map=(nil) size=0 handle=0 offset=0},
    29: {map=(nil) size=0 handle=0 offset=0},
    30: {map=(nil) size=0 handle=0 offset=0},
    31: {map=(nil) size=0 handle=0 offset=0}
  ]
}
ANE SUBMIT {
  tsk_size=628
  td_count=1
  td_size=628
  btsp_handle=5
  pad=0
  handles=[1, 0, 0, 0, 2, 3, 4, 0, 0, 0, 0, 0, 0, 0, 0, 0, 0, 0, 0, 0, 0, 0, 0, 0, 0, 0, 0, 0, 0, 0, 0, 0]
}
CMD_BUF (handle[0]) (size=628):
  0000: 00 00 00 02 00 00 00 00 22 04 00 00 00 00 00 00
  0010: 6a f8 ff 00 00 00 00 00 00 98 00 30 00 00 00 00
  0020: 66 49 02 00 00 00 00 00 00 f8 01 f4 00 00 00 00
  0030: 00 00 00 00 00 00 00 00 00 00 00 00 00 00 00 00
  0040: 00 00 00 00 00 00 00 00 00 00 00 00 00 00 00 00
  0050: 00 00 00 00 00 00 00 00 00 00 00 00 00 00 00 00
  0060: 00 00 00 00 00 00 00 00 00 00 00 00 00 00 00 00
  0070: 00 00 00 00 00 00 00 00 00 00 00 00 00 00 00 00
  0080: 00 00 00 00 00 00 00 00 00 00 00 00 00 00 00 00
  0090: 00 00 00 00 00 00 00 00 00 00 00 00 00 00 00 00
  00a0: 00 00 00 00 00 00 00 00 00 00 00 00 00 00 00 00
  00b0: 00 00 00 00 00 00 00 00 00 00 00 00 00 00 00 00
  00c0: 00 00 00 00 00 00 00 00 00 00 00 00 00 00 00 00
  00d0: 00 00 00 00 00 00 00 00 00 00 00 00 00 00 00 00
  00e0: 00 00 00 00 00 00 00 00 00 00 00 00 00 00 00 00
  00f0: 00 00 00 00 00 00 00 00 00 00 00 00 00 00 00 00
  0100: 00 00 00 00 00 00 00 00 00 00 00 00 00 00 00 00
  0110: 00 00 00 00 00 00 00 00 00 00 00 00 00 00 00 00
  0120: 00 00 00 00 00 00 00 3c 01 00 01 00 01 00 00 00
  0130: 2a 00 00 00 40 00 00 00 40 00 00 00 01 00 01 00
  0140: 01 00 00 00 21 a0 00 50 41 20 00 00 01 00 01 00
  0150: 01 00 00 00 04 00 00 00 00 00 00 00 33 00 00 00
  0160: 00 00 00 00 00 00 00 00 00 38 01 6c 81 38 03 00
  0170: 80 38 03 00 00 00 00 00 40 00 00 00 40 00 00 00
  0180: 00 10 00 00 00 00 00 00 00 00 00 00 40 00 00 00
  0190: 40 00 00 00 00 10 00 00 00 00 00 00 00 00 00 00
  01a0: 00 00 00 00 31 20 00 01 30 20 00 00 00 00 00 00
  01b0: 00 00 00 00 00 00 00 00 00 00 00 00 00 00 00 00
  01c0: 00 00 00 00 00 00 00 00 00 00 00 00 00 00 00 00
  01d0: 00 00 00 00 00 00 00 00 00 00 00 00 00 48 00 44
  01e0: 00 00 00 00 72 01 50 01 00 00 00 00 10 00 00 00
  01f0: 20 04 00 00 00 04 00 00 00 04 00 00 40 04 00 00
  0200: 10 00 00 00 20 04 00 00 00 04 00 00 00 04 00 00
  0210: 7a 01 50 00 60 08 00 00 00 00 00 00 00 00 00 00
  0220: 00 00 00 00 00 00 00 00 00 88 00 0c 00 00 08 00
  0230: 00 00 00 3c 00 00 00 3c 00 00 80 3f 00 c8 00 10
  0240: 00 00 00 00 00 00 00 00 00 00 00 00 00 00 00 00
  0250: 00 00 00 00 00 78 01 18 c1 00 00 04 00 00 00 00
  0260: 40 00 00 00 40 00 00 00 00 10 00 00 00 00 00 00
  0270: 31 20 00 01
(1, 64, 1, 1) float16
[[[[5.]]

  [[5.]]

  [[5.]]

  [[5.]]

  [[5.]]

  [[5.]]

  [[5.]]

  [[5.]]

  [[5.]]

  [[5.]]

  [[5.]]

  [[5.]]

  [[5.]]

  [[5.]]

  [[5.]]

  [[5.]]

  [[5.]]

  [[5.]]

  [[5.]]

  [[5.]]

  [[5.]]

  [[5.]]

  [[5.]]

  [[5.]]

  [[5.]]

  [[5.]]

  [[5.]]

  [[5.]]

  [[5.]]

  [[5.]]

  [[5.]]

  [[5.]]

  [[5.]]

  [[5.]]

  [[5.]]

  [[5.]]

  [[5.]]

  [[5.]]

  [[5.]]

  [[5.]]

  [[5.]]

  [[5.]]

  [[5.]]

  [[5.]]

  [[5.]]

  [[5.]]

  [[5.]]

  [[5.]]

  [[5.]]

  [[5.]]

  [[5.]]

  [[5.]]

  [[5.]]

  [[5.]]

  [[5.]]

  [[5.]]

  [[5.]]

  [[5.]]

  [[5.]]

  [[5.]]

  [[5.]]

  [[5.]]

  [[5.]]

  [[5.]]]]